distances
678.303028686219
55120.9482227761
10859.4104466803
971.327148356144
90878.2184110008
25268.926654292
5188.86186802964
15779095.8858662
9545.02997883027
194251.620616968
44737.787992906
917.889402324971
22630.3955527522
645.95827890534
1165447.52373263
2366.89814832062
33856.8130182867
13895.2527199206
87892.5183904372
204141.724318649
86475.0787410325
779.407195783088
5888.65327374639
7656.10433212824
10495.7697504076
790.603500071335
139133.268112653
13025.7312267331
1468518.27022259
63709.6360194488
9028760.23025417
9484.34401244114
27962.2724983226
127762.348848743
1935.07974477356
1902964.16659171
4121.86637697703
387666.793493546
10396251.9106566
183199.448515673
1867.76350911089
57888.9659593801
526507.494675574
34.4202232109859
1928.43831864058
147079.717705449
7349.64852912217
9278.93042822853
3745.99188787038
726.265718754566
377866.272342908
58679.8602587563
13903534.0725047
6216920.0673538
4625.57713860462
72929.4872996637
1453.13343594204
4450.19860349601
4525.39270369396
2627.03154770131
22421.9287629887
5358713.71986174
1078708.90222878
139.555230131038
16594.8289119791
400344.566210456
1239.13687476128
7944343.6434612
1686.74579149569
5962.29543796577
139628.372084379
5829.71683547054
20654.0652063139
57819.3627869355
319686.392675934
2431205.89856913
2437379.15511362
6762222.43322482
9409693.80768072
11163.3876588283
47569.3432465194
4595.14685643785
11491.29742951
11119.3073986165
1974603.63090257
71530.5197543552
371.092716483974
14492.5260055784
1148384.26253233
6522530.61126336
16321.6722405276
615371.712341914
9932047.48910286
8670.52833790271
11165.441088335
12726.9508867812
43262.0817802117
69648.5983132386
1583956.51933068
159028.718973257
6702.41659473501
747.082505807822
7295.15964239442
1877.61896009994
754342.87500776
658.871411766085
386229.787280452
1223635.23753222
636.473362895058
8516328.18571604
667797.215136523
1638521.12673
1691.46333338755
34003.6937558611
274862.819702861
4613.24599149416
2311.24355591273
1608163.50753375
1530840.61158578
163.896338516736
8478.31685780125
225833.203470081
3597.70446354441
5608.84905870852
531269.077243737
11239.6976154263
8013498.66444198
22589.9037168641
1131.43488526177
19116.7905377374
751.023478876979
1970224.68825799
6469.76661424377
6583364.50828821
48276.3862541088
427810.273169482
1621.51621300064
14046.5966058672
71147.1667648235
678847.625589809
4801.60918448746
238675.29688912
104667.58427883
324331.510471022
1005.45178264818
784172.669102142
1968.61584024697
4033.65896802852
28681.9370203061
14437.2193771558
151006.080959419
7766.57648731648
16919.6377189689
22320.2537854117
6201.17649119459
8605340.97685858
39200.5551162873
347419.138192223
545388.791243332
1160.78925666651
8034163.9874133
13623.9537164763
129224.029886481
1503081.22169427
2956.56488672908
1855749.4401925
8350.06030481252
239615.94845147
1625.69451549919
8130043.41181199
2779.88508985352
642.769120896943
20114.8144101246
128937.27841097
784.032655519405
13185.2133697777
13218.7035045737
227172.840627697
356896.968313234
5340.43892682706
2054.07984708945
19758.9792429596
467339.392672691
2070295.82119552
11558.8592440763
51.7056821004051
1076.78717006641
1896566.85626371
13070.482415592
4376.63326217337
76140.3965735358
3563715.16486995
25492.4097785947
9838473.00184491
12012482.2578007
21358.6945827465
854837.766210246
945208.414496664
7672.11081774128
438473.227682955
1339984.47157444
383.350899148639
11026108.2630917
9596.66649310457
595.815027616341
1366148.60102362
248314.108351874
6337.64369001968
277.749667437112
222.069902726678
11353.4407642559
1711.46191895488
21540.3438196562
5624.23136559043
14961.4473078365
9508.21647538084
34635.5977539173
9840.90028844999
1300.13186129015
280440.551880564
1964.32784849473
10558620.8078552
10580.7719527922
5579.44696792695
6639.8383599808
1613.21084658975
9540683.62871618
445604.343350226
320257.807924845
8796519.74939171
13796.9551474094
14078.4097587303
4214.72176512154
6467.96891880701
139717.700054673
6060938.80515145
5121.11663809307
770270.317835069
6740.15683057208
27518.3940106662
4875.16264997711
606620.910920205
7885.71966274075
1929187.01448366
9134.7968809767
7328.83231783486
532.748527907005
260.858018566029
460.427325441269
1427.71947817723
1831.01290689806
6892024.5688779
1588797.3956349
5622.6344823559
287382.849476679
7341.31476495691
3101.60121308534
37664.2470195255
5756.45353706869
8153.8406266161
2631.63531087589
1929.91737662332
8006763.31977245
2053305.25207992
983.63341372857
10291.7892984411
844.051809876971
5967452.18451461
357091.841893396
9288.55921149818
7600.44833497402
6494277.30923902
4460618.75759116
254077.0933271
60041.864327154
2362.60099442834
78002.0856262713
289020.086016119
79274.2861350912
771632.978084834
1107.57674225449
1945353.14728424
409006.357547749
6156.98667184348
348.271636295501
7211.27856040279
18113.3089637803
38585.043906129
388.639256986334
7524.4732319676
230662.172883672
1674244.31061179
14845.5159651143
24478.6729332745
42689.7303938683
1156.37838768035
31867.3338445428
47881.8479516495
30487.9499895205
25797.1756978005
5358125.98431763
11035.9198020399
17844.0989234718
4218.70591543261
1140730.47039596
35521.3599588104
1741579.31093707
8817.05418832943
10762.3136175046
379052.324156764
1427.89194204462
273793.838529835
1316.71346423061
18232.4619526314
3145260.33313207
3083.88084193959
13415.3613872234
3396.81748337477
4452.31621286381
60291.9671699285
316998.831372068
1727.21681415768
4938.96332274947
423.654454566606
1425.76820414367
502.653720570882
525936.381244773
2965230.87335669
7878.29084357685
5669.90644062927
4701.66749350312
470.848634563228
14119.8622637243
76103.7835744292
99595.1136812546
8286.12839646997
108974.760427163
2173.19152326464
9039.50898337838
14820.5102732657
118105.581142488
197517.012679776
16161937.4178899
2847183.06518575
136316.829204385
7585.15345277004
8020.31766341713
16448.5244876782
276.597624012282
7447.59353342997
873.156572821298
228759.598697872
4466.29771718622
10289.8328853745
6547.70158046789
7890.50785241643
20531.00359337
1301288.55179017
3091.3063891416
991.723634929721
186787.3336481
2127.53762129203
16391.5064627775
1162.96505706585
743.839801862341
4567.72666752828
2085.53275182821
1274.13464465764
6589.20368365602
1348305.34620227
47972.6704719289
451466.941254142
310980.863394941
13294309.5204365
6952.24501045579
1458.37235824055
579.475042433998
100638.91810484
2653798.20819868
653.619656808107
494688.712466066
258418.304487105
1201796.28039189
40587.4064203557
8995.24957722911
130800.539803356
1003.34377917175
613211.682002953
1002623.82069793
630.582914963835
5830.84770306468
28408.2874380554
10751.4873160532
6171141.17051889
22896.7490317694
67980.8153939765
17689.4586845276
60705.9517314869
576.866207629989
925325.585017634
234004.587828876
3445.65177401301
1849.77664808968
166061.681679811
121348.500460909
1738291.86243845
537944.822869799
142661.383731699
1439.10953516113
1626257.71273224
6667188.35594394
3824609.38577123
1323559.9197973
8289.21453861212
1448.30370774995
11839252.9096328
3003.97619770564
3935.4680232448
10815804.5137657
2026.31736952779
7984481.7996936
7107.95928345415
96234.73404675
1899.55876237574
2085.21895695635
126218.744928029
4174.65996620964
475153.540607234
111369.66055804
2565.62897203654
564735.162553171
20235.8243796142
2164.66931498241
4354.08726471476
3116.63328075811
582814.818996556
11930778.2176027
258875.132499576
6128876.00276841
858664.187220723
5982249.55280581
678824.568491578
5009.49268688384
5730.67599576769
140982.827083947
17865.9027627338
215553.026446248
12690.374282333
149406.390973155
1938.33520679195
12397.6252427454
13428.9902613197
1063851.14520498
12129965.9498563
4129.82396292993
77328.955683122
277628.754593457
13013149.2021401
2787.80917681859
7092044.90015642
35601.9070024459
1485552.64148167
1108472.31834479
1169.98529584983
6515.33761246471
147777.913606988
69860.4496392968
12262508.9446794
11453.0313388315
1416.415698335
78610.8878611831
1293537.57139066
346286.539436592
5435433.05742003
38478.3226488968
3629.34817574965
126617.648273472
135984.651761243
2580686.07753348
640944.407388762
6146.44613817083
26203.972748396
133187.311080562
67133.887887251
177055.617186822
3263.45632330369
1552.65464300093
3277.79127931233
824746.935189463
4047828.16438218
3376608.00611373
3467.51130981954
611781.687807618
673.488828547829
348298.682973978
6423.2645975266
4951.00942231626
134681.799227625
3721.87264937127
10826198.617044
1380.5778192002
1052299.44860478
7204.70536198322
2696.71570012091
506557.646768982
11447.5789123208
9103.29864034863
47801.7095754423
84136.6094821423
666019.623548507
323783.744778853
5537280.59479555
564.491067579441
1476612.53109185
887.34618596116
135677.150858796
15196.5103289865
17090.1817561108
61287.3030872545
2378.93388798219
2767966.74122305
1188738.71125984
6264.47496232005
2877.55211194041
2049.18538571618
37710.5445392668
1418.69284027617
731941.493684655
4549.31890163562
38243.0090912765
3759731.47826575
123110.562463847
3498.28655476987
17469.4192176371
172797.082262178
27466.3920257426
3585041.27658366
6432.37055138214
888551.809517813
154786.467839692
13452.3698158689
11046.3753759106
353.059725435733
1119.83258369903
5467.38953487083
148.662242405866
637201.213626779
27568.1307860695
1851456.75038014
25923.0241175364
2436.27383167274
2667.26406099168
56821.0036632034
9518715.75757947
3083.08175518322
1743.94540577937
9211.69954099365
749625.610954664
538.493210545383
5491.67480797507
9000.83383774959
1369.64260702294
63476.2575205643
20759.5273006317
30821.4966707951
16025377.8157044
4115.17340478061
272234.245975814
8476462.69428482
75325.1512203331
364130.213208914
8822.54260474474
947320.568456728
1759.80891560527
21269.0789253493
216601.062325639
2913.79896658127
144888.019539177
39902.9508384679
7443944.18725818
1538.84082314555
23568.5837746793
8900704.03921678
5561.58445782557
43160.3310300571
5938.05053188595
17026.0028129235
4483.83406892359
11102.8254339613
3182.90433568541
729383.321902089
9648735.61669271
1891827.90776907
46332.8581484456
990114.429252991
6095840.90506283
2131.9459236437
2534.97317437646
6344.29308485998
414569.970036724
77031.0387582239
1731.31390772815
340780.430214404
4638.26083002163
797.46029740478
1293.54451113937
545149.921603139
1073754.1145716
10743513.7049373
844.510229858546
10504610.329296
1413.16349622173
7886.30103829813
13652527.4398396
1539812.77971593
9245.64159664924
69078.368009705
871249.215075576
825.314524692075
55672.3064493623
6248.70692498689
6117.71871678186
431714.023867786
208.687064179223
28061.7410432052
74248.4970666761
2172.04359547351
9150316.31060026
157998.033173343
3924.65476846525
4816.00179724428
45213.6946266333
477.202641164069
959.37357029197
24083.5402618157
73433.8265107343
4953.3631327475
1783.39295104294
2812.60873452976
3421.86388179626
54958.9676795044
13846.5124189661
257727.381594639
9038533.92837237
204698.991673827
3554.5807761978
591622.615065857
7009.86867214053
498983.199459824
1598982.81672235
27900.8612828709
69855.0734499963
4138.595512047
8353423.40452274
353772.366500756
76911.820895211
18735.3272395024
202504.510267513
469.200440766391
2508.82456131379
1079212.75094662
65300.8819116245
189771.275925076
30047.1291488526
305.061017982783
4431.73749669221
216.608327461036
4932.97399037977
160908.475899684
10857219.5850135
340167.626211848
1224384.94945109
257757.198834472
3309.80206288761
563864.803901286
16774284.4580749
7200.46785691319
847.501391803127
43669.5732314818
1357.45444181449
2607.2753144739
2645.01644972491
3209.72162223969
11571.5166760899
1126989.23970366
4130.04780804152
39227.366293857
20778.7084997646
64870.5060164053
6816.56472848777
19001.6532450332
2235.24049061916
3147.18069920664
444321.97872671
1486668.92627707
33974.8454927622
541.890638592799
6801.058417116
1340.51333642954
1864183.78287891
463.272675592171
3498.54849283656
13384.1752228374
7309.35449564352
3131.73749247928
32031.3809595475
9643891.27145509
917541.994465592
1063020.47526684
51338.0108528606
1395197.40223147
196473.896335935
211493.05651281
30932.6909520779
579963.038247497
14293636.2260466
664963.760354071
183518.320228043
2530332.95522748
3656.35301370061
3987.0360294827
106942.069388644
6887368.88157977
161287.376742852
66045.7273209291
71204.2697866839
1876.19577927137
267783.458560033
10626.1550014138
173863.906500672
1936.68429398278
105373.338396221
1496342.84298704
3781.456162906
5897.80187471173
2041176.31780665
20796.7214349254
182149.389662364
157320.236291602
229152.838755874
2081075.54079833
11327.1799231208
6757309.76563732
210102.907487082
291017.227660425
781.971929682564
1866145.79763509
5223.24024446702
2243974.20616047
5098779.63621815
493799.39563117
3180.92188800752
5012.99211948486
12522.658334952
3539.41495265552
3218.04835106892
1445411.87117345
9259.48129600463
300272.887745671
5109.51679492568
2518.74370052416
20042.5609733915
23506.8834321664
839808.961666129
581.780186086229
12535.7150771837
52965.313407569
7901783.34996465
4969.97332618994