lng;lat
10.60677;55.05982
9.80737;54.90926
11.87425;54.76906
11.76092;55.22992
9.48982;55.25377
9.41741;55.04434
8.55;47.36667
8.51744;47.17242
6.64115;46.77852
8.7251;47.50004
9.04552;47.46152
8.31636;47.4705
8.72091;47.34713
7.62166;46.75118
7.63249;46.77807
8.54779;47.42181
8.63493;47.69732
9.37477;47.42391
8.82228;47.22557
7.90329;47.34999
8.54258;47.40823
6.931;46.99179
7.64511;47.52271
8.30635;47.05048
8.26274;47.05
6.82586;47.09993
8.27631;47.03537
9.18333;47.65
7.41457;46.92436
8.58491;47.45152
8.83884;47.22983
8.60027;47.25579
8.4971;47.40313
9.27916;47.38615
7.39586;47.1921
9.25125;47.41694
7.15128;46.80237
8.89854;47.55816
8.27888;47.07772
8.61872;47.39724
8.40015;47.40165
9.53287;46.84986
7.24608;47.13713
7.44744;46.94809
7.57327;47.5584
8.30592;47.47333
8.52954;47.19625
8.52127;47.37752
7.53599;47.55074
8.52462;47.30997
8.04422;47.39254
6.09444;52.5125
6.20139;52.13833
6.07083;51.93
5.54167;52.33
5.99691;52.87545
6.41705;51.92648
6.71944;51.9725
7.03472;53.14417
5.725;51.80917
6.59306;52.35917
5.97222;51.95583
5.70694;51.25167
5.66667;51.97
6.14167;52.17
7.10833;53.0275
5.975;51.525
6.16806;51.37
5.97361;51.995
5.54861;51.61667
5.55891;52.02863
6.87917;53.10667
5.60139;52.6625
5.61944;51.66083
6.78472;52.4075
5.51978;51.44889
6.13611;51.34417
6.12083;52.7875
6.21111;52.645
6.9504;52.98947
5.71111;51.385
5.6589;53.03297
5.86944;50.99833
5.9875;51.19417
5.56806;51.95917
6.275;52.38583
5.60694;52.25917
5.51806;51.765
6.92917;52.31333
5.90139;52.445
5.88611;50.9175
5.78611;52.37917
5.55278;51.47
5.85278;51.8425
5.48611;52.22
5.74861;51.28583
6.19444;52.69583
5.75;50.8875
5.68889;50.84833
7.00417;52.26083
5.7934;51.8327
6.56667;51.98667
5.475;52.50833
5.80859;53.20139
6.37639;53.1625
6.56804;53.23235
6.0625;50.86583
5.91111;52.555
5.58194;52.30833
6.76111;53.16167
6.47639;52.7225
5.92528;50.92387
6.79306;52.26583
5.66111;51.48167
5.52672;51.73362
5.98154;50.88365
5.91854;52.95929
6.04016;52.38723
6.60931;53.17209
5.62083;52.34167
6.61944;52.57583
6.73889;52.15667
6.56667;53.21917
5.93611;51.77667
5.97361;51.69833
6.37639;51.87333
5.55972;51.42167
5.62222;52.29833
5.98333;52.3475
6.89583;52.21833
6.90694;52.77917
5.74861;52.71083
5.84167;51.91917
5.84306;52.4475
5.47778;51.44083
6.64861;52.1
5.65833;52.03333
6.01389;51.94667
5.60556;51.88833
5.71806;52.525
6.0989;53.11254
6.28889;51.965
6.16389;52.255
6.91806;53.33
6.25694;52.51167
5.87917;51.73083
5.58889;51.30417
5.97083;50.94667
6.15556;52.09
6.7482;52.30136
5.80972;51.03167
6.79306;52.92333
5.76667;51.86083
5.79722;50.94083
5.58472;52.14
5.74861;51.40417
6.5625;52.99667
5.91111;51.98
5.96944;52.21
6.70139;53.04417
6.6625;52.35667
6.58056;51.925
14.84417;46.84056
14.03333;48.16667
14.23459;48.22656
14.42127;48.04274
13.5;46.8
13.04399;47.79941
12.848;47.42681
9.65851;47.42642
14.28611;48.30639
14.2533;48.27965
15.09144;47.3765
12.16667;47.58333
15.29331;47.44458
11.39454;47.26266
13.1;47.68333
15.45;47.06667
9.6;47.23306
9.74195;47.41427
9.7471;47.50311
13.04343;48.25628
14.87206;48.1229
5.69907;50.7376
5.86241;50.58907
5.74679;50.61385
5.50115;50.58362
5.53243;50.62837
5.60131;50.80995
5.6468;50.71184
5.69452;50.96545
5.78379;51.09802
5.56749;50.63373
5.6468;50.89318
5.79353;50.64083
5.62346;50.66415
5.50082;50.965
5.68062;50.61516
6.03647;50.6279
5.6341;50.5828
5.5184;50.87325
5.81667;49.68333
5.52029;50.6623
12.48839;50.72724
7.36977;49.24686
6.65414;50.69447
13.44909;52.216
14.80764;50.89772
10.95414;49.4424
12.08517;51.9662
12.1369;51.04962
13.25;52.43333
6.45297;51.65877
12.73938;51.3707
9.95121;49.79391
6.1347;50.81809
7.16755;51.27027
9.43585;52.42376
7.03821;51.28195
8.25959;49.04888
8.35916;49.63278
10.7815;52.42452
11.42166;47.91289
10.54095;52.16442
12.26873;51.66122
9.8554;51.34103
12.48287;53.16118
7.77839;53.57674
6.89308;49.98596
11.75032;53.00543
13.32127;52.59319
7.35258;51.44362
11.45286;53.89314
7.39865;51.1161
10;53.6
10.21282;53.35753
9.39819;48.87563
8.1;50.81667
13.31667;52.48333
6.54734;51.26371
13.17707;52.52462
8.11253;53.52998
8.43375;52.89446
8.69846;49.29504
8.24932;50.08258
7.55062;50.9495
8.50495;50.56109
7.39277;51.38747
7.92737;53.25682
13.27636;52.51708
6.9747;50.82709
6.62037;51.6669
9.50852;49.759
10.78216;51.83652
7.63421;51.66446
7.21583;51.1397
7.91403;51.55493
7.76608;51.26011
12.934;52.37874
12.37534;50.73604
9.37632;48.67124
7.86667;50.96667
11.15069;49.3523
8.58874;49.9039
14.64017;51.50403
11.96843;51.20148
10.97221;49.03095
9.36387;48.81311
8.66697;49.54887
9.63863;47.81009
11.32903;50.9803
11.15484;47.84147
6.83333;50.76667
8.87176;48.74953
7.62082;47.59331
12.15613;49.67682
13.46649;52.55632
6.28436;51.14221
7.35052;53.16332
9.69835;53.58374
13.35594;52.54734
6.15484;51.10009
8.34851;51.44488
7.98756;51.95109
12.67985;53.5204
8.2;53.06667
9.14641;51.49011
9.83247;47.6895
13.45799;52.74196
7.40238;51.62125
9.5926;52.86147
8.01667;52.35
8.21717;47.62323
12.39893;48.20854
7.96371;48.09585
7.61688;50.87576
9.31641;48.83241
8.51257;49.24991
6.78333;49.26667
6.88774;49.54122
7.1;50.63333
6.828;52.03792
6.85873;49.25162
6.6863;51.59703
8.85996;52.1653
13.19222;48.62695
8.49358;48.06226
6.39441;51.25435
8.5782;49.54033
8.15272;52.04009
8.51667;51.88333
9.23491;52.92342
7.04348;51.33536
8.28598;52.72632
10.36491;52.26038
11.76825;48.10537
8.13621;53.39693
8.96045;48.93563
9.66394;53.68769
9.63501;51.6569
11.57684;48.28038
11.61564;48.06598
7.69045;47.91933
7.68969;51.53794
9.99155;48.39841
10.56111;52.96572
9.17136;47.76977
6.11667;50.93333
8.8177;47.98464
9.05222;48.52266
8.64409;48.07667
7.14968;50.80901
6.63935;49.75565
12.64335;47.86825
12.59231;47.96269
12.99617;51.56016
6.49412;51.32092
9.59132;47.66857
13.5022;53.11865
13.4;52.46667
13.26014;52.4031
7.78293;51.97995
13.29389;52.57601
8.15206;50.14993
11.61701;48.0486
8.82209;52.91345
8.00369;51.3281
11.74598;49.50126
7.05696;49.29882
10.69401;50.60911
9.17702;48.78232
8.75;53.03333
13.88741;52.57859
12.57385;48.88126
13.0818;54.30911
6.26639;51.4419
6.22595;50.77368
10.64713;53.8922
9.0091;47.85105
11.85867;52.6069
9.9287;53.5922
8.4;52
7.33664;52.15045
10.05917;53.61028
13.332;52.45606
11.58508;51.85186
11.34416;48.00193
6.91918;51.99399
9.20311;52.32333
9.01294;50.82261
9.47629;53.59337
13.15056;52.53661
7.24343;51.34669
9.55416;52.20845
8.43111;49.32083
8.48475;52.14021
10.28262;47.51821
11.17463;50.3592
10.87011;51.36973
11.11524;51.15914
9.84338;52.98638
7.0845;51.17343
8.10619;51.57558
7.24639;50.54384
8.87867;49.2529
8.8403;47.75935
9.01667;48.7
6.3;50.6
9.23033;48.08829
8.02431;50.87482
7.20769;50.80019
14.00164;51.52517
7.5;51.85
10.04442;48.32441
7.46809;51.69689
8.97394;50.0432
12.13054;50.17058
9.9682;52.31394
9.96667;53.4
10.17847;51.89096
9.59727;52.39635
8.5823;49.38217
7.5675;51.44387
11.41316;53.62937
7.29388;51.28635
10.22175;50.04937
14.28154;53.05963
12.78522;50.53791
8.6;53.23333
12.1098;49.32534
6.26667;51.21667
9.21667;50.93333
6.81667;49.3
9.73908;49.11127
9.79809;48.79947
11.02346;49.33047
11.26071;48.56067
8.38583;48.22399
7.95;53.53333
9.52721;48.80537
7.82089;47.65105
13.35;52.46667
11.7307;52.01682
9.79524;53.11685
12.64139;50.59465
6.85;49.43333
13.29071;52.47517
8.28505;51.15473
10.44386;50.72136
9.52532;50.34891
9.5586;54.52156
12.22141;51.39678
7.13333;49.36667
8.3775;49.38417
9.82333;53.60278
9.50064;48.01676
10.11184;53.65385
9.85411;52.23495
7.16814;49.46633
7.11672;49.27697
7.197;50.77538
11.29533;51.47221
11.1525;52.85435
8.60092;51.6717
6.75154;49.31366
6.98165;49.2354
11.36536;50.64826
8.42251;49.98955
13.4934;52.50146
13.48529;52.42407
11.34046;50.72043
8.62719;48.16783
8.93528;48.47629
11.09111;49.24762
9.41082;53.11125
12.14049;54.0887
7.18175;50.89559
12.12247;47.85637
9.65544;52.31939
9.07917;52.18604
8.42841;51.80924
13.29168;51.30776
6.93333;49.3
12.45666;54.2422
7.78715;47.56013
7.44055;52.28509
6.59524;51.54649
6.94911;50.62562
6.69602;51.83537
8.30017;51.84967
9.20427;48.49144
8.93871;48.76974
9.66313;54.30663
7.1925;51.17983
7.22703;50.57879
13.33333;52.56667
8.83572;49.82923
10.2488;53.51703
12.30344;50.62279
12.11923;49.03451
6.39778;51.76263
7.19738;51.61379
9.61062;47.78198
6.84929;51.29724
12.33696;52.60659
10.73333;53.95
8.2;53.25
8.20964;48.85851
8.61263;52.43367
8.97098;47.74194
7.36027;51.20218
13.66047;51.10654
13.91199;51.11112
9.90934;53.72831
11.15006;51.78843
6.88723;49.2855
6.80632;50.99965
11.35;48.15
13.42443;52.53878
13.86261;53.31625
10.27795;54.2354
13.06566;52.39886
8.91901;52.23779
10.08472;53.65917
7.8726;51.20949
12.13782;50.4973
13.93702;50.95843
7.60529;49.20145
9.78936;53.66732
8.60306;49.80557
9.22796;48.46458
8.69892;48.88436
11.505;48.53053
8.96538;52.37513
11.377;47.75293
10.2352;52.31928
13.43122;48.5665
11.84875;53.42631
7.40444;53.07738
13.40186;52.56926
8.75439;51.71905
9.01667;53.05
7.28389;50.93275
7.16424;49.40133
11.66327;48.06489
8.79528;53.22698
8.0498;52.27264
11.22898;52.0304
13.10984;51.30001
13.24197;52.75577
7.01931;51.05521
8.48899;51.35613
7.85139;51.02899
8.21467;53.14118
11.33333;48.2
9.5072;49.19884
7.94495;48.47377
8.76647;50.1006
8.6622;51.95453
7.26451;51.64198
8.14724;51.8289
7.11667;51.03333
7.18988;52.20802
8.57747;50.20731
8.85123;50.07139
13.52108;52.46106
8.74887;49.83078
8.07864;48.53241
6.88074;51.47311
10.95766;49.42275
9.34203;48.62565
11.07752;49.45421
7.55;50.9
7.35;51.93333
9.99998;51.70662
10.48868;48.85122
7.06833;52.43081
10.7957;51.5018
9.98041;53.6859
8.48093;53.4861
7.20639;53.59552
13.20095;52.4344
9.22086;52.6461
13.40272;52.58483
6.21667;51.2
7.03777;50.81503
8.07246;49.97756
8.86704;50.23805
9.00638;50.4133
9.8;53.46667
7.47057;50.4336
10.01112;48.39279
13.07292;53.3613
10.8145;54.10707
11.12058;50.32975
8.13886;49.35009
9.45871;52.50462
11.63333;52.15
6.68504;51.19807
12.80311;52.92815
7.18045;49.34449
9.98195;54.07477
11.46278;49.28028
8.69406;50.04832
11.66316;48.31588
13.68914;52.52985
11.18709;48.73218
6.63857;51.13434
13.27532;53.56414
8.5;50.31667
6.28333;51.31667
8.1;50.91667
9.22528;49.18912
11.80979;51.14987
12.87374;52.60701
8.72366;48.5498
10.08756;52.98569
7.62571;51.96236
9.65046;51.41505
11.57549;48.13743
7.63035;47.8082
6.88333;51.43333
8.83333;50.11667
9.23028;48.84232
10.45275;51.20896
12.52155;48.2467
8.83675;48.94754
7.4;50.91667
9.05419;48.40567
9.15106;49.35357
11.93811;48.47089
6.89218;51.09162
6.44172;51.18539
10.68742;53.61702
6.6326;51.45342
13.33903;52.52635
12.97538;50.98622
8.91455;52.28953
9.00373;49.67569
9.2833;48.53695
6.97536;51.2504
8.28332;51.3502
6.63874;49.44331
11.98923;51.35478
7.29097;52.69064
7.77824;51.44337
10.18527;47.98372
8.33826;52.20197
13.4737;51.16158
10.41521;50.56787
7.64838;51.1074
6.76667;51.46667
6.6717;51.26118
12.46473;50.84688
7.02942;50.62388
6.65224;50.59304
7.22277;50.32797
13.56983;52.54525
8.84949;51.46171
7.09038;51.65671
12.08593;50.00443
10.61713;47.77964
12.36667;51.28333
13.35766;52.59841
13.36723;52.41868
13.38109;52.4378
8.77069;50.80904
9.25995;48.93964
8.47955;49.49671
8.2791;49.98419
8.83333;50.15
13.61373;52.50935
11.62916;52.12773
7.52872;51.61634
10.41409;53.2509
8.44641;49.48121
13.25405;52.30322
9.19161;48.89731
7.44379;51.7683
7.6273;51.21977
13.16772;52.09029
10.68729;53.86893
13.95168;51.86217
8.61423;52.30699
8.65;53.46667
6.74549;49.5099
7.66457;47.61497
9.57223;49.98922
8.2375;52.66625
7.21399;50.83868
14.66738;51.09954
8.34482;51.67369
7.31845;52.52143
7.37758;51.01959
9.68431;47.54612
8.0503;50.3836
12.76165;50.85882
8.91667;53.13333
13.30762;52.4333
13.40637;52.39844
11.05928;50.14567
13.49975;52.51395
6.98432;51.0303
10.0205;47.82672
8.69834;52.01246
9.01667;48.8
8.06707;51.11721
7.86043;52.18661
8.89901;52.02786
12.37129;51.33962
9.16809;48.69406
8.68733;49.34737
7.01873;51.10628
9.97155;52.37539
7.461;53.23157
6.90988;49.41122
9.87874;48.22786
11.28247;49.51386
13.76623;51.48813
13.3459;52.43623
10.00137;53.66556
9.73741;52.44758
6.94831;51.10821
8.59509;53.60554
8.66852;49.98955
12.16179;48.52961
10.88282;48.04819
8.11692;49.19844
8.4725;49.59786
7.86886;48.34042
7.61667;50.3
8.79301;51.99223
9.79739;52.31506
8.42502;50.93139
7.26667;51.05
9.68352;49.2818
9.71792;50.5442
11.45032;50.10068
8.5232;50.18424
11.33308;50.23963
7.98848;50.96775
13.40338;52.49973
6.49069;50.74699
6.58615;51.33921
11.97093;51.75186
6.51352;51.19139
9.18569;48.86158
9.1214;48.83218
8.873;51.27561
13.57455;52.4455
13.58228;52.44254
6.57652;49.70045
9.17582;47.66033
13.633;52.30141
7.18675;50.68376
8.47132;50.17943
10.81683;52.25116
10.89178;48.27506
6.95;50.93333
12.06696;47.84965
7.57884;50.35357
6.13865;51.78826
13.22514;52.40786
10.15072;49.73973
8.63333;52.2
9.45378;48.64683
8.92806;50.8272
7.59075;51.13402
10.13489;54.32133
6.24603;51.58243
6.69691;50.86991
10.31389;47.72674
6.41858;51.36432
8.4502;50.13703
11.88618;48.91725
7.81523;48.57297
13.58871;52.51732
10.62192;47.88238
9.5;51.31667
13.48117;52.60904
9.77239;49.96034
8.40444;49.00936
13.53185;52.48419
11.46667;48.21667
8.77155;50.23019
6.54588;51.50467
14.09374;51.26798
7.6638;51.59231
9.9581;53.83292
7.77161;49.443
6.61882;51.22929
6.36267;50.92149
6.5;51.1
13.5066;52.44653
11.5899;50.92878
9.51529;53.92099
9.84179;52.47093
7.70281;51.37547
11.42372;48.76508
10.91858;50.68322
7.04758;49.37362
10.10347;48.22336
8.26679;50.21774
7.30776;49.71443
7.71457;52.27964
9.05239;54.4858
6.86761;50.87079
9.76727;50.67966
10.04149;53.64773
8.46322;53.10766
7.34471;51.1498
6.22658;51.0555
14.23549;51.43787
9.38155;51.77501
8.65;51.81667
7.58382;52.29763
8.6913;48.44423
7.33867;49.32637
7.63333;51.5
9.4455;51.82798
11.70181;47.87663
12.71287;50.80064
13.27775;52.67631
8.4493;50.09019
9.385;51.49607
11.91833;50.31622
8.55194;49.32334
8.35218;50.01436
6.75462;51.41943
8.75;52.33333
9.95112;52.15077
6.93093;51.16818
8.11062;50.99687
8.61667;52.16667
6.93333;49.35
8.80076;50.05553
11.51146;51.6503
9.24913;52.17269
6.10136;50.87067
10.88565;49.56798
7.14387;51.59638
8.86648;48.59523
7.22572;51.5388
13.31783;52.61131
8.67343;52.11457
7.43584;51.39999
8.30369;50.68135
8.63206;49.64145
13.20419;52.63598
7.28308;50.77555
9.72359;52.31425
7.77019;51.38707
11.00985;52.2279
13.6088;52.53319
6.0998;51.06358
10.13744;51.37819
13.24501;52.61449
6.97106;51.32662
9.22054;49.13995
10.15162;48.67798
13.86741;50.97221
8.69079;49.40768
9.0988;54.19579
8.96317;48.35149
7.18557;51.39894
8.47552;50.07854
8.25806;49.36278
8.22766;51.96224
7.24142;52.79262
9.98388;53.46057
9.73322;52.37052
8.91418;50.13423
6.59031;51.73262
7.82089;51.68033
9.35623;52.10397
10.1;53.56667
10.08333;53.56667
10.01667;53.55
9.98333;53.56667
9.93333;53.55
10.01534;53.57532
7.49817;51.18612
7.18163;51.74297
9.85;53.63333
8.36083;52.06008
12;51.5
11.40982;52.28906
11.05622;51.89562
13.20831;52.55877
8.20778;50.74162
7.47168;51.36081
11.72653;48.10881
7.0133;51.19382
8.37854;51.90693
12.17337;53.7972
10.75971;49.11663
10.27695;48.45599
7.56473;51.02608
14.71447;51.94987
8.9321;49.86899
9.07596;49.91986
8.48255;49.92139
13.5335;51.28951
7.02238;52.21099
11.36667;48.2
12.71959;51.23367
8.5725;49.86085
6.5827;51.09102
7.59396;52.09364
12.19918;50.65778
13.38786;54.09311
6.34072;51.3363
9.93228;51.53443
10.70193;50.94823
10.42766;51.90425
14.98853;51.15518
9.65209;48.70354
6.15895;51.67873
10.20048;53.5441
12.54493;50.81987
6.98593;51.57077
8.34532;49.9711
11.2936;48.10755
10.5511;52.47774
8.67554;50.58727
10.24312;48.62219
7.3392;51.31971
13.39139;52.55035
8.5109;51.64091
7.00481;51.954
10.87273;48.42432
8.36389;49.22306
11.3765;48.13392
9.06316;48.79954
11.48054;47.85775
12.08187;50.88029
8.0448;52.20296
7.12283;51.5075
9.18742;50.20164
6.32363;51.51908
9.82736;48.62423
6.11763;50.96745
10.3779;53.43575
11.37703;48.06919
11.09576;47.49209
11.65101;48.24896
9.5899;52.41371
8.53333;53.03333
8.33333;48.8
10.98856;49.47593
14.06185;52.36067
11.2547;48.17904
9.67518;50.55162
7.76946;51.47563
13.29024;52.63336
7.85764;53.0226
13.45482;52.51559
13.62463;52.45052
9.47554;47.65689
13.50812;52.50575
8.64281;50.24962
13.32813;52.47133
8.75591;50.33739
10.98461;48.35693
8.41371;48.46695
7.87414;50.89741
13.6488;51.00166
11.74876;48.40351
12.98114;47.84085
7.85222;47.9959
9.2024;48.93196
13.33881;50.91089
6.8118;50.91485
8.68417;50.11552
14.55062;52.34714
8.35357;49.53414
8.80077;51.0589
13.04011;50.91297
14.63971;51.73544
11.05877;49.71754
8.42779;50.01312
9.43961;54.78431
13.70662;51.63388
7.96667;51.16667
9.15719;48.80867
9.27697;48.80912
13.0927;52.56014
10.60751;54.14054
6.78722;50.66057
8.40763;48.94094
9.30473;48.73961
7.01228;51.45657
8.62127;52.3825
6.27184;50.81854
10.05329;51.18386
8.57111;50.14328
8.3384;51.6127
11.00783;49.59099
6.9083;51.22235
6.31531;51.07947
11.03283;50.9787
6.79386;50.81481
11.90686;48.30603
8.91229;49.13644
6.96667;49.4
8.03093;51.83843
7.3629;51.29848
8.55772;52.14063
7.4;50.98333
7.52781;52.1734
6.24792;51.83933
7.85359;48.12096
7.20778;53.36745
8.11754;50.02858
6.56828;50.93739
9.65339;53.75396
10.13173;48.96164
7.45;50.76667
9.70676;48.69515
14.65;52.15
10.31522;50.9807
9.86961;51.82018
12.63338;51.45984
9.72749;48.28259
8.39879;49.09006
7.98406;53.12699
9.83824;54.46854
13.81951;52.83492
9.5236;48.716
8.99016;49.4668
6.77616;51.22172
6.49299;50.80434
7.28075;51.83149
6.76516;51.43247
10.25951;51.51312
13.73832;51.05089
7.73815;51.79535
8.69611;50.01997
7.466;51.51494
6.96514;51.66166
6.83167;51.09683
10.7793;48.71804
8.49707;47.95514
13.11027;51.1221
9.06703;48.82672
6.7434;51.56227
12.49283;48.64244
10.49528;48.58153
6.72781;49.35557
8.28699;50.74114
8.77784;50.00976
8.37005;52.60783
8.84613;49.89738
8.87318;51.93855
12.24555;51.83864
8.63091;53.0511
12.34284;51.52546
8.56223;51.76502
12.96068;48.84086
7.38333;51.66667
8.65027;49.87167
8.19793;52.52157
13.28702;52.4581
11.43402;48.26
8.69087;53.87176
12.39045;50.81644
10.07193;49.13444
14.32888;51.75769
13.58312;51.13204
7.16809;51.94349
10.96384;50.25937
8.045;52.84754
10.33821;51.80949
12.92922;50.8357
13.28333;52.51667
12.65501;49.22565
10.08047;52.62264
7.31155;51.55657
8.74031;48.71419
9.68636;53.46716
8.67122;50.43395
8.45936;49.64266
7.11667;51.1
12.83139;48.16925
10.0064;52.44628
11.85493;52.27152
8.55956;51.55109
8.58644;52.19837
8.13523;48.69676
9.1114;50.29013
13.46018;52.432
9.04939;52.26065
9.86812;53.32641
13.43019;52.60242
9.32293;49.52416
6.90499;50.82928
6.18376;51.24053
11.91098;47.87859
8.59804;49.12426
8.92316;50.17853
13.43388;52.44293
8.57146;51.39462
8.70745;49.03685
9.14306;53.48458
8.57674;53.55021
8.80777;53.07516
10.52673;52.26594
12.55;52.41667
7.97288;52.40881
9.18596;51.7175
8.48333;53.33333
9.06601;49.07787
6.9285;51.52392
6.99089;50.76313
12.49638;51.12416
6.85774;51.84382
7.58992;50.23085
7.09548;50.73438
7.76667;51.6
11.61585;48.15221
7.21648;51.48165
6.61531;51.83879
9.01171;48.68212
10.8339;48.27091
9.09067;51.94331
7.25617;49.23724
10.95509;51.79025
12.32396;51.62355
7.8992;49.96675
9.11755;48.94407
13.5534;52.50906
8.53333;52.03333
9.79053;48.09345
7.25527;49.34615
9.37417;51.66801
11.7401;51.79464
13.58708;52.67982
13.41053;52.52437
7.65599;51.02496
7.64451;51.61633
7.13298;50.9856
6.63986;50.95572
8.61839;49.68369
7.57924;50.42289
6.57128;50.99258
8.04075;51.75571
6.7;49.4
11.57894;49.94782
14.43494;51.18035
9.40747;51.25182
13.48524;52.46582
8.72791;52.85059
10.90067;49.89873
8.85464;48.27525
8.37699;48.50318
8.7149;52.20737
6.18874;50.90964
8;53.18333
9.12475;51.11963
9.7549;47.92027
8.73756;50.17866
11.5589;47.76111
8.50449;50.1408
10.30215;53.94313
10.69691;53.91887
10.2361;50.81342
8.74434;52.0862
7.94612;47.55371
12.87819;47.72947
9.1018;49.23848
9.25246;51.9859
10.37417;53.81167
8.80365;52.20699
10.20673;50.32174
7.1113;50.54322
8.73859;50.36463
6.76424;50.55666
9.46421;52.19551
9.77361;49.4925
8.81683;51.78333
10.646;51.10771
7.86713;49.8414
10.07784;50.20228
7.2278;50.64336
8.61816;50.22683
9.70891;50.87197
10.56157;51.88268
8.33333;52.31667
8.23975;48.7606
8.17236;49.4618
9.01969;51.73297
8.39228;51.05224
7.16343;52.31814
12.01055;47.8638
9.43718;48.94744
8.95129;49.96519
7.48232;53.46919
10.89851;48.37154
12.40083;50.51155
12.70657;50.59034
7.90333;51.12645
11.46084;51.75742
7.61667;51.78333
9.15214;49.97704
9.01445;51.37982
10.95198;50.84048
8.08333;51.38333
11.51638;51.02624
10.5931;49.30481
13.00627;50.57953
13.99924;53.01499
7.40425;50.43109
11.86267;49.44287
8.11513;49.74657
9.06455;50.0888
13.5355;52.41116
12.43684;50.98763
7.67336;51.29472
11.3573;49.3856
9.27082;50.75185
6.16399;50.87672
7.01667;50.73333
9.81989;51.98382
9.02596;48.21644
11.13413;48.45755
10.22593;53.67515
7.8887;51.76338
7.01344;52.07936
13.54825;52.43548
9.0263;53.01416
8.07607;48.63115
10.0933;48.83777
6.13;49.61167
5.98056;49.49583
6.0875;49.48056
7.33702;47.8078
6.15083;48.67103
6.16667;47.63333
6.18333;48.65
5.9;48.68333
6.16667;49.36667
7.74296;48.58342
7.45;48.26667
7.74931;48.60749
7.06747;49.10995
7.56247;47.58836
6.95;48.28333
6.70064;49.1027
6.35542;46.90347
6.0589;48.90786
6.18496;48.68439
7.33333;47.75
6.15167;49.09435
6.8;47.51667
6.17269;49.11911
6.5;48.6
5.55;46.66667
7.68253;48.55752
6.148;48.68315
7.34662;47.78088
7.71523;48.52894
6.05268;49.33428
6.1926;49.35571
7.79051;48.81557
6.9;49.18333
6.45;48.18333
5.5;47.1
7.36667;48.08333
7.75343;48.61612
6.01815;47.24878
6.86667;47.63333
6.85341;47.48327
9.52154;47.14151
13.54577;50.32717
14.61824;50.91154
14.03227;50.6607
13.82451;50.6404
14.6578;49.41441
13.90237;49.26141
12.6401;50.1813
14.08693;50.23046
13.7334;50.1037
14.50685;50.11525
14.01043;49.68988
14.42076;50.08804
13.37759;49.74747
14.1475;49.3088
15.22336;49.43134
12.93907;50.30592
14.51759;50.25926
13.63617;50.50301
14.4096;50.01116
14.90318;50.41135
14.47411;50.3505
13.79667;50.35699
13.61812;50.6042
14.1318;50.53348
15.05619;50.76711
14.47457;50.10819
14.51667;50.13333
15.26816;49.94839
14.31149;50.24107
15.20057;50.02814
13.29505;49.39552
13.17128;50.38445
14.10285;50.14734
12.87117;50.23271
13.26667;50.38333
13.27131;50.37598
13.44769;50.49979
15.00301;49.14404
15.35162;50.43723
15.17108;50.72431
14.21478;50.78215
13.41779;50.46048
12.37392;50.07963
14.47434;48.97447
14.53764;50.68551
14.41235;50.03597
14.66326;50.18709
13.76667;50.55
13.77535;50.54854
14.072;49.96382
14.68697;49.78162
15.00835;51.14942
15.13727;51.64205
15.31486;51.61759
14.55302;53.42894
14.24712;53.91053
15.0499;53.33672
14.56065;52.35088
14.57182;53.55214
15.1163;53.67437
15.28768;51.12014
14.64953;52.58713
14.72837;51.94956
14.48831;53.25243
15.20027;53.9165
15.22878;52.73679
14.82854;53.56392
15.42054;53.16905
14.95634;50.90747
11.15953;46.66817
11.65598;46.71503
7.64683;47.57884
9.47974;51.35806
6.68333;49.36667
9.97979;53.79132
6.08342;50.77664
8.58361;49.99472
8.49621;49.83411
9.70816;49.56526
13.04944;47.965
9.22049;48.65698
9.24954;48.72704
8.88588;50.02627
13.46667;52.425
8.65194;49.765
14.57974;50.10475
8.52529;47.39503
8.5122;47.41814
8.53134;47.3401
8.51164;47.37382
8.53721;47.3953
8.49007;47.37398
8.48533;47.38946
8.71954;47.49494
8.57608;47.40372
8.76996;47.47646
8.50296;47.35785
8.52166;47.42326
8.47993;47.38245
8.76863;47.51692
8.5005;47.40773
8.5211;47.33756
8.56097;47.3548
8.58038;47.37328
8.54381;47.39223
13.29371;52.53048
13.40489;52.52003
14.37355;51.56971
8.30704;48.9685
6.95954;50.93331
6.95752;50.93893
6.92997;50.96983
9.21032;48.78363
7.1756;51.50168
9.964;53.557
9.90538;53.60697
11.91605;51.47924
10.22904;53.48462
13.19921;52.5511
13.3477;52.48388
13.44469;52.49376
8.62852;50.08309
14.02576;51.2357
10.03988;53.6052
10.11972;53.60639
13.16802;52.55191
13.51255;52.56681
13.5013;52.54608
13.47267;52.52921
9.984;53.58935
12.10466;47.7044
8.40377;49.45937
